kroA200
MSLS : 32217.300000(32079 - 32298)
ILS1 : 31574.700000(30113 - 33106)
ILS2a : 30855.200000(30292 - 32384)
ILS2b : 30964.400000(29790 - 33130)
kroB200
MSLS : 31693.100000(31410 - 32235)
ILS1 : 32180.300000(30639 - 34529)
ILS2a : 31555.800000(30581 - 34193)
ILS2b : 31202.800000(30121 - 32275)
