kroA200
MSLS : 35772.200000(35635 - 36185)
ILS1 : 33956.900000(33660 - 34492)
ILS2a : 34091.700000(33677 - 34501)
ILS2b : 32138.900000(31612 - 32785)
kroB200
MSLS : 36456.000000(35871 - 36751)
ILS1 : 34561.600000(34152 - 35159)
ILS2a : 35083.000000(34271 - 35979)
ILS2b : 32979.500000(32319 - 33516)
