kroA200
MSLS : 35772.200000(35635 - 36185)
ILS1 : 32246.000000(31456 - 33884)
ILS2a : 31689.400000(30957 - 33065)
ILS2b : 31334.100000(30903 - 31816)
kroB200
MSLS : 36456.000000(35871 - 36751)
ILS1 : 32753.700000(32032 - 33374)
ILS2a : 31787.800000(30849 - 32751)
ILS2b : 31873.400000(31430 - 32523)
