kroA200
MSLS : 31807.800000(31530 - 32298)
ILS1 : 31765.700000(30079 - 33406)
ILS2a : 30888.300000(30002 - 31533)
ILS2b : 30805.800000(29992 - 32554)
kroB200
MSLS : 31693.100000(31410 - 32235)
ILS1 : 32182.100000(31125 - 33089)
ILS2a : 31008.200000(30153 - 32561)
ILS2b : 30844.900000(29805 - 32442)
