kroA200
MSLS : 35441.000000(35441 - 35441)
ILS1 : 34387.800000(33301 - 35303)
ILS2a : 34341.900000(33581 - 35094)
ILS2b : 32908.600000(31680 - 33317)
kroB200
MSLS : 38226.000000(38226 - 38226)
ILS1 : 34506.200000(33862 - 34999)
ILS2a : 35211.400000(34362 - 35747)
ILS2b : 32889.600000(32492 - 33536)
